01011001110000001000101000010011
00010010100101000000010010000011
00000000111000101001110110110011
01100011100110110000101010100011
01011011110001010000000000010011
01111011111010001000011110000011
01000001100001000101000110110011
00000001000111010110001010110011
11001001101100101000110110000011
11110000010111100000010110010011
00001000101011000000101000010011
10011100011111100000101000000011
10010000000100111000110010100011
00000000100010110110000100110011
10110001010110001000111001100011
01001011011011101000111100000011
01001111101010010000000111100011
01011001101000010000000010010011
01111100111011011000000010010011
01011100111100111000110010100011
00011110000110011000000100000011
00000001111100111001110110110011
01010000110001010000000000010011
01000001100111100101000110110011
01111111000111011000010000010011
11111000011011100000110100000011
01000001110010000000111010000011
10100011001011101000100000100011
11001101111100111000111000000011
01101011101001001000101101100011
01110001111110000000100010000011
01000000101011001101011110110011
01011111000001000000010101100011
10000011101011100000001010010011
11001010001011010000001101100011
11011001101110110000101000010011
10001110111011010000001110000011
10110110000011100000011001100011
10111001000110100000010010010011
10000000001000000000000000000011
01010101111110011000011000010011
11101011000010110000110110010011
00000000010011100111001110110011
01010110001001110000110110010011
11010011001011110000100010010011
11101010001011010000111110100011
10001010011000101000011011100011
01000101001010011000111111100011
11111100000110110000101010100011
10001001110100000000101100000011
